1000 9903
967 597
916 501
58 586
480 935
50 329
508 804
949 107
164 789
42 457
85 373
893 414
234 781
329 803
455 167
522 846
377 559
930 507
952 31
679 148
117 565
195 523
715 192
73 882
166 184
259 358
543 778
144 934
473 798
477 830
80 584
8 181
393 80
999 921
467 376
506 222
783 424
776 399
680 647
365 617
592 435
22 842
383 430
892 670
362 497
259 980
329 200
679 728
1000 3
652 420
197 449
605 452
364 438
311 345
478 442
921 302
633 116
886 326
818 158
527 762
774 637
900 968
651 450
527 649
245 372
548 90
898 185
215 731
976 697
172 438
410 463
999 259
323 802
584 789
324 9
287 903
381 104
675 333
370 507
361 4
517 695
718 200
99 920
228 892
376 967
285 275
675 183
627 142
149 324
924 718
137 260
390 182
38 580
793 465
191 46
604 789
751 102
726 288
128 390
364 673
246 645
879 575
584 680
214 103
532 328
954 550
829 666
133 131
762 623
601 811
695 797
777 432
905 203
454 997
122 881
32 105
344 427
41 397
829 380
965 199
479 295
852 963
516 522
305 512
655 288
307 78
98 89
174 802
605 518
192 13
959 719
196 973
568 728
236 318
960 2
466 311
319 209
628 639
700 92
995 520
177 185
72 977
434 808
805 823
607 511
648 226
64 277
762 372
728 828
927 484
529 829
95 430
715 534
954 322
462 213
121 469
768 514
162 273
372 194
620 536
567 35
124 643
98 878
465 49
780 808
859 720
140 591
756 415
573 767
155 870
50 644
660 229
219 127
794 623
85 602
323 205
252 253
237 615
353 477
67 176
251 831
752 888
750 471
698 370
575 168
831 50
768 364
843 736
540 640
977 858
9 88
325 766
161 373
630 539
151 918
105 688
14 154
143 306
860 800
991 222
494 610
132 33
522 745
62 166
325 528
342 918
236 237
531 266
787 884
700 659
161 905
956 773
389 688
213 796
622 696
53 707
684 895
130 376
732 659
421 343
221 402
97 172
337 194
558 787
943 863
875 125
14 577
163 265
956 218
581 820
782 586
521 566
116 414
802 547
125 344
572 921
116 13
980 438
283 910
15 931
966 641
374 306
436 770
492 995
2 733
423 271
188 752
675 254
826 126
955 350
133 758
134 81
711 841
647 484
546 106
403 144
884 351
635 595
727 163
622 335
191 56
789 844
683 441
920 917
797 465
79 795
74 880
181 956
54 442
517 818
117 830
868 90
764 27
641 925
694 714
795 545
509 367
948 65
948 473
442 990
536 31
705 860
189 355
136 113
123 483
948 240
569 253
313 575
945 634
490 565
471 794
593 528
989 185
705 126
189 69
503 613
60 770
532 725
148 898
437 791
481 399
300 709
227 383
306 114
36 863
399 113
518 883
373 58
690 204
451 704
967 984
78 1000
344 816
418 523
681 407
648 296
173 371
433 206
328 484
201 122
718 561
701 829
760 487
922 58
84 801
819 686
126 188
576 393
797 815
135 840
710 964
713 96
128 954
609 55
611 641
150 922
153 25
822 317
733 238
571 255
257 75
186 83
334 75
532 157
266 235
619 267
182 15
565 582
159 501
388 553
81 41
524 493
194 968
323 244
397 805
38 601
369 374
722 306
462 713
191 53
200 472
132 421
560 424
651 835
185 881
67 136
124 111
142 890
345 366
769 668
574 857
872 875
299 301
427 368
670 204
398 403
113 75
647 548
7 645
892 219
382 582
479 445
138 711
95 996
701 300
95 109
425 113
759 26
856 299
782 87
35 718
199 963
368 69
887 374
49 542
710 469
32 812
89 301
416 715
925 966
231 323
641 867
623 793
718 883
844 538
528 731
718 738
849 785
300 975
799 423
199 519
537 716
888 58
814 32
180 985
784 19
989 684
721 688
988 275
184 915
779 264
671 782
582 223
839 708
435 770
609 83
846 352
222 734
340 909
676 999
879 728
550 776
42 967
519 347
703 526
515 637
375 585
121 538
698 600
909 615
416 753
782 127
37 828
331 383
614 46
409 701
985 862
875 542
470 790
935 376
112 962
42 761
494 712
927 980
470 129
423 53
171 36
808 991
142 131
76 159
497 182
209 378
967 969
878 92
535 773
501 599
66 52
359 921
791 786
609 874
60 602
92 983
981 229
801 184
820 76
878 446
243 914
80 279
669 865
249 384
770 728
611 430
630 478
888 809
8 195
597 143
389 970
249 369
69 550
770 587
536 601
408 824
741 677
999 956
196 959
982 714
342 597
827 759
495 722
614 684
989 268
653 992
106 991
69 233
72 579
144 48
970 100
787 678
166 609
111 531
130 238
741 904
265 369
440 265
456 448
314 994
386 311
244 103
233 242
97 323
278 760
944 452
543 164
710 671
571 39
510 369
718 186
372 370
466 779
536 317
661 217
314 183
686 455
122 656
774 72
830 590
459 444
233 793
355 767
63 54
800 592
142 765
530 713
688 261
146 640
592 929
740 917
134 438
583 733
366 319
152 625
320 403
411 972
454 802
313 546
223 99
78 866
482 443
544 418
657 901
86 313
342 919
326 360
610 959
580 997
353 462
173 731
815 220
819 153
89 500
2 453
203 332
683 966
58 564
942 721
396 205
969 661
365 560
773 729
903 670
944 981
283 325
411 264
269 938
291 846
163 691
292 29
745 783
620 185
179 901
773 182
476 193
701 792
206 494
887 973
88 457
658 557
291 172
419 99
250 488
421 977
426 845
62 989
987 612
163 102
572 922
331 812
284 389
763 801
570 817
572 777
811 707
23 579
319 504
637 365
505 898
896 323
1 97
868 519
387 780
281 273
854 982
621 825
163 981
664 846
920 248
100 376
564 687
413 133
968 196
876 949
76 449
313 17
180 295
200 445
256 383
223 387
228 656
531 764
950 758
20 383
631 439
100 45
851 879
857 494
656 783
91 975
387 517
256 413
76 54
706 157
431 308
325 721
949 311
365 208
597 982
352 849
367 646
282 516
303 238
165 201
807 782
701 263
441 625
834 232
946 494
963 532
895 977
786 7
679 464
514 40
867 112
351 803
246 31
528 978
31 673
880 552
952 978
93 488
937 2
277 737
995 788
307 310
331 396
706 752
321 662
766 544
36 943
830 561
500 188
266 596
835 925
695 786
883 629
757 84
776 589
886 376
373 347
582 97
841 515
715 576
244 40
779 427
16 209
382 410
709 784
23 461
758 977
287 941
769 166
133 567
480 381
979 789
234 292
22 628
589 494
534 337
572 668
42 627
495 63
685 923
758 755
894 275
346 269
223 705
426 357
288 285
860 310
453 888
901 724
152 237
824 415
76 372
829 914
441 977
5 176
621 250
318 393
737 125
877 870
933 596
181 927
589 50
592 986
728 310
995 487
479 158
26 385
290 553
147 912
350 905
133 491
905 92
778 722
483 40
726 228
543 982
506 395
949 267
934 465
575 449
762 696
673 345
820 24
735 143
847 961
274 198
908 587
252 601
865 546
113 261
21 103
762 922
211 532
502 145
178 251
431 159
624 919
477 941
973 872
120 598
306 23
255 72
59 437
442 567
481 27
889 390
136 682
232 927
856 249
676 300
245 172
425 716
407 868
339 18
12 84
528 619
21 283
793 889
940 760
317 599
429 125
272 312
435 660
495 780
22 500
614 370
617 558
107 347
17 837
616 533
973 83
46 361
548 171
186 116
850 47
998 255
472 643
375 574
140 677
197 916
549 79
932 729
148 168
993 989
369 704
836 125
160 758
328 812
55 651
686 539
307 758
976 775
212 825
85 565
780 763
856 238
603 56
821 481
513 976
364 524
509 597
117 836
522 14
946 882
907 760
837 887
517 777
740 70
639 848
342 174
768 305
623 900
716 479
330 622
973 456
498 936
384 418
485 702
398 31
26 726
482 404
657 920
933 827
632 916
40 480
572 476
502 697
615 542
463 861
787 971
154 340
338 473
28 445
567 712
828 38
614 685
743 267
448 808
567 633
951 734
709 280
323 597
326 856
205 617
408 501
49 453
947 476
107 331
632 558
97 465
371 238
813 507
544 656
451 326
328 27
242 577
473 499
889 990
194 764
391 954
432 308
371 588
98 876
7 106
859 867
660 226
897 66
310 185
827 257
520 789
432 791
198 958
278 946
688 216
391 745
452 172
513 899
974 988
650 108
856 825
357 340
584 488
13 553
555 829
865 416
726 322
322 28
825 115
833 392
264 925
61 770
839 374
289 318
751 858
864 694
5 426
8 386
873 552
14 152
200 862
305 947
191 387
943 293
568 41
825 446
311 735
455 51
545 975
911 680
876 547
878 693
963 503
19 480
972 394
188 505
425 985
304 742
13 194
676 390
714 849
790 410
719 480
175 671
305 780
452 693
588 713
174 553
495 753
364 914
467 16
26 730
552 170
2 151
311 131
45 851
789 436
101 588
306 400
533 959
955 5
519 764
461 884
50 634
390 304
193 770
390 442
166 189
453 464
318 598
984 930
470 637
788 338
992 509
578 890
137 608
673 534
489 405
91 505
203 739
364 33
290 433
219 93
837 913
946 984
604 808
590 239
811 142
262 826
413 422
108 962
590 635
401 12
920 774
209 321
816 759
981 675
378 456
450 941
252 481
539 649
773 892
248 948
428 884
198 614
973 400
649 42
78 716
299 737
887 370
217 104
535 530
333 898
73 607
75 215
477 331
634 137
833 39
227 272
355 295
947 43
160 311
126 742
165 42
576 975
369 583
502 201
31 561
396 242
126 625
662 556
810 416
980 16
84 77
801 675
624 74
386 43
319 198
922 905
460 888
335 124
806 699
448 784
479 602
98 720
745 635
429 24
395 136
549 359
790 115
150 146
889 180
916 196
981 362
488 635
729 675
470 703
276 364
45 577
372 149
512 594
231 882
548 176
487 708
355 638
439 865
708 169
23 614
586 990
91 340
550 893
885 649
661 210
777 739
150 623
742 213
450 461
529 694
492 848
474 455
757 787
59 675
479 618
150 734
501 942
949 854
417 109
471 406
453 871
312 261
43 613
578 608
906 59
746 442
694 906
53 50
313 157
846 881
647 256
890 673
321 378
283 442
413 394
911 191
509 545
458 565
494 335
441 833
420 64
214 94
169 52
454 585
159 517
129 748
868 207
156 195
376 705
787 99
381 856
360 70
592 249
131 391
527 109
14 80
142 5
221 532
478 125
540 1000
579 914
50 348
806 111
978 768
304 735
585 674
912 414
373 139
435 219
268 8
120 599
583 232
532 858
149 570
97 889
350 341
706 725
780 364
140 147
861 887
936 50
130 409
287 935
596 4
239 720
619 173
505 381
269 834
236 763
900 548
654 591
13 381
823 172
680 198
364 645
390 361
194 14
581 138
799 199
434 613
665 167
713 147
793 801
849 467
308 58
170 90
220 340
521 689
478 900
561 176
523 466
310 281
384 975
148 24
224 654
498 485
337 929
712 179
786 742
660 179
879 41
440 470
901 311
632 362
885 888
916 742
871 693
531 710
976 407
402 878
246 617
360 252
775 448
925 499
998 651
986 133
553 572
664 323
170 500
998 878
412 89
394 764
21 827
579 993
781 613
895 539
739 231
795 777
796 102
49 943
395 647
485 927
183 572
610 776
592 259
973 698
62 491
100 570
990 919
877 286
382 900
292 404
972 502
496 263
135 718
692 981
990 214
370 967
648 275
42 601
887 634
47 371
620 87
869 531
842 41
715 301
58 536
420 391
114 702
386 19
852 386
504 240
263 926
642 448
861 204
914 851
258 473
166 758
462 169
889 131
463 400
527 731
130 159
258 328
41 616
12 351
914 895
607 670
955 105
430 560
580 378
200 86
1 27
756 107
188 751
613 392
525 744
105 95
162 14
755 949
6 167
262 61
514 738
416 397
732 387
128 49
570 304
320 809
851 631
390 145
6 771
185 49
608 843
461 356
82 603
33 45
410 994
488 414
273 566
73 868
539 831
389 104
927 744
556 774
192 561
545 115
530 489
329 760
619 523
652 852
355 44
929 781
734 744
200 863
517 14
338 777
135 275
817 976
748 828
884 218
777 290
227 503
196 782
895 908
515 754
473 859
37 122
113 532
468 50
973 862
762 979
209 945
653 800
306 77
476 445
791 950
40 48
205 810
888 660
944 934
691 243
729 420
508 893
511 378
25 301
852 422
990 492
748 60
465 234
112 576
914 362
896 470
516 691
497 679
903 237
54 125
537 85
276 431
613 450
478 973
323 908
505 881
635 743
194 995
945 665
124 352
756 340
54 159
261 351
579 492
266 423
197 653
471 354
73 951
661 286
6 429
160 797
637 767
689 792
989 786
591 706
815 702
793 447
859 266
146 435
937 580
359 931
772 274
929 809
363 437
53 401
200 891
984 356
956 710
39 738
367 753
761 618
194 329
178 834
394 775
804 530
416 819
443 618
705 115
703 472
227 275
448 452
910 162
269 234
37 30
869 271
995 790
264 502
50 411
487 178
126 630
683 693
408 737
549 4
439 444
257 829
925 59
810 707
10 607
214 983
822 534
533 609
1 304
899 267
940 677
500 92
585 82
14 834
674 904
120 103
340 628
15 896
492 947
970 751
828 641
704 415
635 461
174 503
241 64
71 917
594 66
668 989
6 220
941 303
656 673
659 514
806 887
833 388
202 855
205 116
388 532
405 914
329 462
807 283
189 704
103 746
970 848
117 878
336 11
673 140
233 661
397 516
146 260
163 702
367 966
377 578
730 70
603 252
821 173
744 950
213 413
506 393
288 76
473 64
920 513
406 540
902 625
485 745
471 842
754 290
131 279
106 26
883 411
979 436
804 566
786 105
402 350
350 56
278 437
357 805
812 789
283 481
947 6
605 574
213 707
758 452
71 279
199 738
943 163
74 152
292 87
224 357
278 6
64 414
399 822
628 662
790 173
50 880
168 507
957 549
300 232
671 779
757 633
611 702
408 185
728 578
223 769
632 30
794 373
813 183
816 229
85 864
46 734
785 670
200 138
992 422
6 184
704 862
298 603
341 583
747 588
897 149
685 782
389 337
135 365
930 87
555 302
439 667
473 794
87 133
733 691
845 473
406 879
590 897
411 711
363 718
815 227
329 882
899 698
124 253
380 343
787 17
241 63
406 585
557 647
137 196
964 671
605 975
437 569
369 851
616 236
122 893
269 336
909 373
550 163
308 266
492 31
133 417
584 836
528 909
368 186
491 465
553 366
148 982
903 806
838 377
998 331
810 470
259 100
98 452
905 570
451 780
52 565
645 568
79 796
636 699
273 465
93 240
682 628
594 567
757 153
922 974
905 788
391 257
328 319
145 671
420 279
900 537
885 197
813 360
127 232
357 956
585 153
235 272
418 784
540 236
496 964
923 28
780 198
166 977
598 414
395 433
381 8
254 238
864 46
698 931
101 781
689 405
711 976
250 913
475 124
812 85
462 362
423 8
510 598
516 311
98 214
388 883
337 797
138 838
39 10
425 498
872 37
310 929
420 691
882 66
887 247
63 273
284 450
949 464
588 538
238 777
920 714
631 242
816 555
263 864
52 981
143 318
829 299
761 589
687 701
669 834
377 340
912 569
922 622
913 161
861 619
732 760
701 51
210 750
356 816
586 55
843 270
516 376
706 538
50 214
692 323
948 707
936 11
168 149
576 50
995 552
227 946
407 826
763 708
875 14
359 177
839 619
988 295
405 441
852 278
391 250
763 693
608 882
205 668
278 808
372 179
921 4
723 400
210 197
33 708
694 275
851 308
444 870
750 336
366 819
525 435
133 754
444 981
316 516
877 605
608 190
368 947
24 95
245 256
820 963
768 46
508 119
404 415
241 276
833 584
265 228
871 764
170 27
488 507
199 407
788 144
518 9
446 52
398 443
645 874
264 955
469 110
863 338
994 671
958 34
299 739
213 105
51 322
844 445
21 882
562 586
230 804
359 640
506 84
826 771
781 317
325 897
53 690
694 563
408 883
944 869
190 629
912 451
143 929
774 985
41 235
46 148
288 156
811 731
348 836
168 226
705 269
248 336
903 139
918 75
558 162
616 783
907 204
297 700
392 916
851 491
582 262
859 655
751 405
210 169
980 581
422 530
650 369
35 722
34 10
508 181
438 296
30 102
233 890
106 703
750 689
56 925
493 312
350 707
388 932
7 103
91 229
721 110
995 411
800 667
506 692
638 757
587 581
808 886
950 721
593 436
167 153
133 25
190 74
104 135
735 490
147 917
424 526
955 826
351 477
264 87
561 679
138 624
530 302
741 301
237 486
311 867
866 502
425 228
227 80
209 589
799 990
66 206
883 106
195 526
895 609
181 559
865 694
611 438
728 378
670 637
430 262
731 625
915 374
848 947
188 460
78 968
652 579
140 574
47 123
840 995
987 954
2 392
990 105
526 463
784 730
344 865
838 360
890 959
637 893
874 593
377 223
37 898
514 414
805 141
335 82
317 995
654 418
658 993
849 678
277 341
633 127
631 540
944 766
525 399
838 222
162 663
399 678
75 654
704 222
60 168
182 673
395 7
698 948
850 816
409 871
423 567
145 877
306 175
684 278
133 552
206 118
319 317
548 293
664 794
59 848
189 769
957 887
384 871
102 790
177 685
232 930
497 840
684 52
461 237
10 7
622 408
840 673
972 767
351 557
242 28
216 320
744 358
137 408
781 991
375 792
25 755
851 699
48 700
800 425
547 594
52 220
380 225
565 26
915 71
238 882
575 401
959 822
807 387
68 644
905 206
673 378
326 256
882 656
167 53
98 284
736 865
942 697
544 120
446 520
584 873
517 347
739 455
903 694
995 849
300 649
869 840
799 609
106 584
14 767
855 136
404 671
900 740
593 894
405 307
103 58
487 475
879 949
735 561
666 456
483 924
961 540
67 605
747 239
198 803
344 522
92 440
348 82
974 778
97 470
478 693
779 296
233 246
35 8
784 55
153 469
651 370
854 863
948 32
267 109
344 590
318 520
581 910
251 615
488 851
162 12
936 763
519 456
355 517
851 392
587 862
751 163
536 432
461 145
686 570
963 83
983 617
634 695
661 248
479 829
635 571
618 679
214 186
436 96
54 467
646 247
726 321
194 46
950 665
592 933
60 833
755 971
392 36
618 1000
850 222
434 419
846 760
208 700
282 607
772 261
610 955
723 648
631 19
796 68
27 62
781 361
729 136
72 645
658 244
217 348
2 368
993 259
459 683
762 64
752 118
37 346
26 237
601 375
361 762
143 866
718 734
244 161
780 175
871 452
664 662
286 160
357 991
931 896
131 292
107 645
296 649
210 51
802 943
968 411
452 116
662 131
637 361
988 237
984 933
949 605
343 482
171 309
340 816
713 314
327 942
953 267
664 850
890 950
780 600
512 262
507 362
54 157
593 173
495 261
885 653
851 533
446 219
888 841
357 484
106 673
440 400
630 815
354 618
65 997
945 633
506 657
824 374
45 386
419 878
313 247
756 525
886 756
138 970
105 629
604 585
493 501
475 519
96 848
977 953
264 956
997 438
506 371
911 122
425 143
208 777
637 142
963 651
378 169
491 378
644 214
131 317
109 339
665 789
522 694
392 610
181 635
562 730
302 339
303 968
35 678
930 802
1 842
560 181
459 710
283 436
446 960
362 391
731 818
148 894
334 609
88 139
840 827
494 959
240 950
407 860
966 175
414 248
507 566
97 60
168 829
309 462
203 583
802 11
803 233
841 62
718 133
314 934
997 675
799 125
802 947
620 974
898 350
315 304
946 628
728 535
183 377
333 172
6 210
558 351
929 429
140 524
608 379
929 209
116 947
172 893
220 625
432 978
822 195
592 688
648 738
709 674
102 597
86 846
578 607
90 133
734 874
54 488
38 941
354 526
116 593
264 890
63 5
15 503
952 455
551 225
242 219
428 390
445 790
601 928
626 854
345 226
401 336
461 276
593 452
665 983
795 512
669 999
411 795
82 587
757 734
367 678
842 46
833 230
317 461
571 612
682 5
647 961
890 352
621 16
82 548
640 561
880 406
62 605
877 871
731 798
36 888
548 729
981 755
332 7
400 99
760 409
978 688
603 805
430 195
770 164
18 577
740 806
269 720
67 753
837 29
201 379
76 833
21 192
866 639
174 422
125 396
310 38
292 533
557 31
903 55
797 592
870 46
693 623
716 896
368 798
475 18
936 512
702 759
828 534
6 190
734 899
276 208
793 298
868 682
299 209
157 211
12 762
1000 241
599 955
780 759
177 910
397 981
180 283
806 627
241 211
498 194
372 735
893 459
125 929
806 450
735 440
350 990
959 160
172 534
356 934
503 228
985 285
108 660
489 942
492 379
476 912
593 288
340 520
616 67
616 95
427 480
545 197
284 111
568 162
750 142
237 457
829 261
26 722
479 412
526 799
692 3
307 39
100 598
910 233
752 365
577 118
500 419
818 888
514 577
217 327
210 376
131 19
44 752
80 697
64 222
574 404
157 928
728 996
348 781
386 238
649 652
183 228
831 817
905 875
598 744
323 742
659 896
876 394
914 747
94 996
352 22
23 965
549 397
589 592
571 205
779 440
413 922
362 802
695 100
954 174
297 836
828 587
742 118
46 760
341 744
345 749
557 148
171 345
446 665
693 500
217 555
668 694
337 898
363 910
444 842
185 54
339 762
410 993
512 89
569 408
623 85
608 498
435 21
4 685
243 409
685 530
190 176
726 326
186 266
290 762
350 954
811 68
151 575
99 374
639 880
397 731
270 155
915 98
506 178
707 260
192 947
817 836
322 314
160 65
296 385
132 47
593 599
626 589
564 42
754 360
772 95
496 120
648 69
43 525
523 775
196 777
437 768
217 306
644 17
382 935
398 904
899 229
948 606
550 318
756 293
221 492
654 488
801 884
326 809
59 366
775 620
429 48
675 680
982 804
895 461
537 655
511 500
888 373
574 265
887 889
18 841
325 368
131 715
617 746
889 781
747 488
659 890
732 92
823 951
684 479
6 247
29 654
348 452
580 47
600 787
642 918
937 798
665 303
349 814
893 145
219 462
807 193
663 893
65 996
997 211
307 931
237 222
693 27
436 244
919 745
104 20
284 32
639 788
415 862
333 379
60 543
263 838
160 109
605 821
420 951
189 95
317 138
185 409
217 270
491 411
57 693
577 62
979 510
321 760
777 331
287 455
602 879
23 227
936 459
511 37
900 302
648 351
723 901
406 435
706 717
600 120
448 229
505 500
403 117
74 99
153 848
407 863
102 349
322 885
676 132
900 588
661 424
26 113
874 285
358 186
503 935
932 125
633 135
883 489
59 251
187 46
957 542
816 414
46 487
568 867
326 567
974 835
757 369
318 999
727 537
193 994
242 645
3 609
722 123
975 351
103 432
751 260
474 336
274 250
171 272
245 943
983 209
641 702
146 974
534 709
718 102
955 368
309 984
854 614
671 340
820 562
768 925
932 896
171 62
375 822
944 692
262 603
57 59
590 207
422 333
151 641
996 162
655 785
493 88
657 251
433 227
52 105
661 529
792 416
155 352
303 280
108 704
644 292
4 923
136 81
796 495
320 464
377 673
618 801
437 595
352 993
391 29
647 960
355 246
550 21
758 424
117 336
759 129
373 966
763 322
981 135
437 885
810 497
192 56
528 578
35 466
786 262
495 708
716 256
259 154
23 109
411 503
286 737
641 918
365 644
149 27
405 285
575 785
465 514
67 978
893 578
269 894
182 135
666 498
832 918
482 531
28 747
88 390
284 886
40 297
371 281
387 540
154 817
27 549
528 14
106 22
434 609
572 863
176 936
16 833
146 784
417 339
920 279
794 368
841 827
242 824
993 976
354 862
150 527
615 377
11 215
492 688
332 777
349 997
447 40
713 578
366 88
369 276
816 805
7 944
85 560
447 185
689 399
881 689
228 40
803 574
737 352
803 911
143 438
915 73
574 974
65 206
851 923
873 567
459 978
903 73
423 631
999 724
35 771
626 312
476 695
752 180
226 938
282 1000
545 899
840 946
360 700
848 913
924 693
407 48
447 229
414 174
348 744
277 548
779 878
140 220
69 322
144 167
840 818
199 474
790 354
629 314
210 664
986 445
835 971
481 14
49 582
153 776
706 932
638 443
430 220
567 997
36 115
112 457
6 607
172 371
945 181
34 396
126 254
923 602
62 954
891 766
916 932
215 444
417 493
415 174
914 891
441 487
258 759
701 577
542 607
855 911
504 321
769 225
515 389
612 903
59 769
333 226
885 405
690 677
431 885
500 940
560 185
65 765
300 380
48 493
410 716
307 680
125 241
241 412
516 904
812 487
669 362
967 645
185 53
628 544
561 946
821 448
270 382
169 617
995 469
8 681
314 527
303 498
454 634
19 43
807 2
741 85
518 435
118 439
392 87
670 270
708 965
948 116
566 431
768 274
477 556
649 49
902 941
263 555
635 136
708 596
971 138
130 614
556 544
961 400
428 947
182 946
697 654
666 331
649 787
647 776
523 774
429 619
431 237
35 652
986 628
456 983
199 897
459 732
957 53
37 247
758 3
245 116
373 47
28 414
213 918
938 533
577 371
662 913
245 485
62 741
728 961
137 8
879 858
914 554
623 972
572 178
576 53
164 778
139 284
219 615
456 403
992 805
870 826
869 284
413 603
90 488
828 266
757 412
814 973
618 178
858 709
713 222
325 256
521 787
717 189
106 497
197 966
419 468
242 753
594 90
690 585
160 708
453 765
517 648
662 483
42 552
741 362
376 518
275 189
180 702
676 539
91 109
574 586
276 137
847 67
941 745
194 878
711 727
676 618
399 205
525 891
483 62
328 583
332 55
649 371
150 896
323 460
532 152
644 434
807 38
77 709
740 27
972 77
772 286
167 468
578 477
248 808
674 1000
352 966
424 307
826 560
964 865
126 664
491 269
91 759
576 597
39 623
632 977
766 840
41 95
204 573
173 586
844 749
849 925
483 922
28 482
156 559
675 617
316 931
940 191
54 614
317 308
481 98
545 697
250 417
378 730
183 951
75 534
978 349
488 721
634 378
31 112
768 594
452 987
552 425
336 564
835 620
471 222
399 621
372 257
889 921
239 340
728 537
641 486
168 688
963 271
512 373
366 210
439 514
371 888
195 38
233 895
416 457
436 772
664 223
793 509
759 574
780 827
502 525
244 746
746 423
930 190
642 746
213 150
938 341
635 997
822 410
369 73
223 370
951 904
891 204
366 270
118 511
337 516
854 35
511 644
494 434
903 714
66 205
913 332
881 208
772 385
792 639
246 450
175 66
70 796
899 798
277 670
958 319
766 868
400 327
329 359
809 45
762 23
374 465
264 449
576 863
904 710
636 659
430 86
141 161
605 476
823 389
326 231
917 576
131 983
995 532
746 658
193 562
363 633
799 956
954 455
153 220
840 418
895 388
476 54
712 154
462 193
870 194
463 296
581 117
909 958
549 407
510 205
44 225
581 6
909 527
606 619
975 306
688 894
941 510
798 281
871 926
177 337
380 824
23 758
483 545
614 651
699 805
607 980
9 505
945 677
149 592
533 438
993 689
467 898
357 314
971 562
699 515
973 224
707 12
342 420
640 467
548 631
511 602
321 417
281 783
545 106
967 855
824 159
787 21
695 740
984 393
459 68
238 117
446 322
251 230
469 35
473 160
492 132
554 411
627 579
905 243
971 126
977 673
190 726
305 568
602 318
910 239
873 302
424 410
207 433
889 330
339 873
984 114
179 144
274 644
402 465
245 159
959 759
107 146
236 310
753 740
666 309
671 548
490 441
703 31
143 779
595 766
885 80
908 169
801 991
508 44
366 735
800 726
957 724
547 328
819 751
822 722
718 483
918 225
996 705
23 967
303 631
512 608
395 36
355 909
20 703
112 680
242 635
774 480
72 6
290 197
665 55
483 716
478 13
711 972
747 415
785 894
58 200
134 109
64 809
195 81
256 251
628 217
332 814
205 56
655 198
876 991
719 563
479 830
367 561
512 91
513 822
255 775
91 814
670 252
689 147
324 952
308 37
459 147
385 724
576 497
501 564
561 659
123 110
234 845
972 83
829 694
170 469
891 101
178 968
288 136
659 107
799 915
268 729
216 218
291 648
402 275
504 597
504 647
844 379
477 894
919 139
867 170
321 87
524 633
282 892
47 60
161 841
837 465
904 783
433 329
52 533
36 946
865 334
95 465
631 675
296 568
984 364
692 549
641 989
718 733
274 906
876 345
496 917
91 310
979 32
926 633
289 596
396 264
624 401
629 160
353 877
119 886
447 687
15 939
698 875
55 442
194 728
779 422
428 8
18 71
48 824
906 815
64 902
582 568
93 517
721 868
116 858
890 949
651 113
157 232
285 467
983 188
253 351
419 565
77 17
719 614
462 757
265 159
447 99
901 965
76 335
521 430
400 310
190 195
375 221
565 957
96 740
590 911
389 183
214 52
91 955
184 7
313 357
235 596
952 12
13 155
955 899
226 881
8 420
193 120
7 157
229 618
838 520
476 713
904 126
541 375
138 698
285 569
506 882
515 580
476 632
821 520
201 695
537 813
511 86
57 699
921 654
773 661
524 541
304 696
430 456
883 860
188 10
351 974
600 122
306 253
866 901
794 166
49 293
361 731
782 703
162 540
70 253
234 279
805 870
843 447
365 815
221 366
746 718
842 253
992 194
311 18
595 415
957 540
50 984
750 889
166 898
483 806
29 590
709 252
127 683
720 715
288 897
244 469
708 420
719 804
922 454
870 400
215 69
897 140
220 765
461 197
447 54
674 470
967 703
110 212
630 927
295 66
78 374
262 905
926 160
216 679
437 413
683 413
213 326
159 672
589 43
989 881
628 516
155 757
191 275
267 707
254 195
687 531
708 542
126 987
678 882
847 857
294 107
849 573
904 139
779 522
835 405
375 372
749 71
291 755
769 807
19 320
496 51
411 58
35 758
368 125
352 594
43 599
905 151
255 480
41 186
178 69
930 948
18 666
830 581
266 736
49 752
692 622
897 514
348 804
746 659
291 155
487 435
202 289
461 724
14 944
328 151
221 244
337 479
67 754
763 881
148 337
975 396
139 62
340 917
162 373
510 349
591 220
348 652
44 113
51 951
270 727
881 964
989 401
42 606
629 954
760 967
379 44
543 494
890 586
929 334
582 512
612 707
668 685
299 210
973 14
521 405
81 414
579 427
7 946
608 489
368 590
167 40
117 845
686 764
856 979
449 259
30 352
182 308
553 917
630 645
26 831
125 559
517 131
789 622
573 534
42 37
407 511
636 157
947 730
436 349
868 133
402 157
97 723
756 870
891 969
959 814
587 464
238 592
313 639
633 626
351 211
977 672
299 956
49 929
361 855
178 775
553 337
771 294
184 396
829 484
153 579
174 811
340 23
625 327
304 973
593 327
520 245
294 704
353 132
154 351
563 57
726 711
140 222
933 407
350 308
353 245
292 931
636 688
140 173
362 365
255 250
10 641
567 999
917 724
868 276
319 415
6 605
278 918
500 98
656 34
205 755
206 180
922 237
997 663
889 886
767 893
115 250
352 152
44 198
651 374
428 37
67 383
504 323
470 616
399 420
161 598
419 314
236 238
867 952
423 381
486 454
162 8
865 762
745 113
682 610
864 769
93 593
188 265
416 498
254 604
989 663
756 646
355 743
473 368
851 859
800 711
618 562
69 974
548 793
200 615
366 340
574 793
795 604
652 963
624 847
665 454
476 887
496 157
367 618
104 338
730 170
578 771
725 501
448 335
92 822
716 216
809 842
520 435
173 723
504 598
526 105
531 277
92 933
992 763
558 574
274 6
843 180
499 586
260 916
725 184
156 709
681 418
774 897
991 645
169 342
922 956
619 218
168 154
921 380
39 916
300 911
585 815
916 94
957 759
993 195
79 130
630 196
580 485
543 243
836 783
710 864
767 785
469 958
606 657
153 437
814 834
525 693
598 981
358 334
509 978
805 645
977 352
79 416
462 472
545 554
656 699
399 297
310 156
747 690
817 328
211 969
363 990
660 130
823 854
225 741
424 200
501 550
609 607
42 328
68 836
816 799
33 27
612 380
618 320
446 57
263 669
56 123
787 479
185 305
539 654
652 999
465 967
483 52
138 601
714 696
622 33
352 873
688 519
29 273
13 940
910 394
532 504
900 100
522 690
815 267
126 670
531 192
713 767
863 127
249 305
773 102
801 602
832 116
809 55
739 434
616 455
500 226
467 215
305 720
412 556
676 417
816 803
770 954
273 370
810 737
153 932
10 871
88 143
680 947
524 892
250 431
896 763
533 762
338 186
410 223
763 743
418 738
225 212
523 293
815 597
642 53
572 950
332 691
577 1000
390 279
28 643
1 86
124 589
220 222
37 702
521 781
560 869
279 721
504 379
486 319
380 790
129 136
749 967
188 685
745 184
263 745
845 205
737 460
385 343
538 663
6 97
816 989
335 735
194 961
368 980
20 197
258 846
522 131
704 802
691 776
229 201
860 683
842 912
739 564
910 257
240 783
158 350
492 508
973 331
646 298
264 973
599 339
436 136
55 867
406 935
65 231
462 867
66 88
217 988
270 86
381 849
330 709
155 274
429 655
873 745
782 173
731 711
678 962
138 389
972 235
191 577
710 435
805 453
228 298
159 953
209 866
526 33
914 319
456 608
644 891
1000 360
580 889
429 851
411 456
568 693
68 246
771 120
8 121
903 623
658 402
296 394
221 66
979 106
529 847
879 525
400 773
609 249
480 51
905 988
791 658
989 206
41 646
6 912
297 58
211 306
840 130
380 715
928 128
457 598
388 720
315 336
105 100
267 213
966 593
660 356
293 861
427 907
524 315
827 362
828 897
872 273
87 18
725 69
381 305
698 501
366 95
938 420
114 512
812 397
228 68
319 111
431 868
56 813
42 256
226 613
372 731
446 102
929 24
898 964
483 255
614 930
583 752
394 532
740 761
80 369
562 813
744 920
692 408
569 211
218 483
493 859
422 217
170 398
243 844
407 367
355 134
48 878
825 426
661 788
853 124
122 246
175 96
97 979
187 574
763 367
136 272
448 2
395 525
748 245
273 169
644 968
169 488
801 755
516 130
847 368
230 338
265 561
554 620
443 999
509 378
408 509
616 844
558 78
335 851
671 981
943 528
676 957
788 727
731 775
673 657
466 881
693 734
785 739
951 154
64 956
858 526
150 232
181 283
173 703
422 607
834 567
872 766
726 741
368 909
884 333
578 560
704 763
409 291
409 529
51 688
879 74
43 52
760 706
617 223
471 352
752 882
380 147
403 92
42 484
777 879
116 661
337 672
380 258
109 444
56 184
113 953
534 861
316 634
992 23
679 193
916 661
668 374
282 553
658 444
640 735
659 109
367 730
283 129
302 415
618 868
333 282
326 353
496 124
957 193
947 983
383 225
776 237
464 873
66 981
430 434
177 152
736 753
827 554
540 435
210 744
726 736
50 65
22 251
279 264
46 237
649 329
602 933
156 867
3 218
245 403
887 964
780 386
672 539
451 524
359 175
749 995
534 241
410 197
79 28
345 898
624 403
438 181
521 903
991 971
356 73
353 867
980 440
177 445
988 67
861 459
847 136
119 737
319 483
909 597
234 201
767 993
20 516
276 438
895 786
975 756
723 263
797 532
580 132
738 70
286 11
219 36
402 636
556 157
638 993
161 227
626 985
755 7
462 763
492 522
485 882
707 57
449 345
301 728
674 146
927 548
949 28
878 178
937 572
702 380
133 47
171 244
890 516
33 139
746 833
646 292
797 201
697 461
610 630
166 56
976 372
887 70
230 847
502 992
520 329
141 543
952 253
498 635
467 504
892 431
964 876
847 613
23 359
288 372
402 388
839 679
406 452
666 142
359 412
771 398
540 209
745 833
852 227
57 941
602 534
605 501
970 82
588 741
477 98
904 442
152 919
629 96
409 115
528 407
250 543
469 895
23 920
245 280
597 627
897 887
702 994
689 245
375 718
323 819
345 783
689 70
547 96
641 20
611 451
661 89
39 602
6 102
135 262
830 163
695 334
571 81
973 104
196 64
191 63
674 71
788 195
705 635
647 376
512 5
750 405
454 566
953 117
153 296
886 725
413 307
91 921
754 123
294 30
540 706
708 554
855 987
361 807
97 693
744 972
174 563
601 837
284 183
178 910
511 790
807 805
635 34
468 955
711 137
182 889
532 524
493 664
10 963
711 30
723 564
335 314
541 635
728 158
876 110
975 608
93 372
813 603
707 88
452 757
804 681
734 231
209 969
757 142
376 423
396 492
895 48
929 264
225 673
644 666
573 300
225 134
192 329
690 456
857 585
571 311
185 752
645 880
961 699
357 786
469 900
449 852
193 962
712 846
414 506
869 889
220 445
183 299
186 125
347 34
989 495
101 255
767 290
879 448
93 587
186 351
439 611
780 541
180 369
676 606
50 108
293 958
3 908
885 832
869 75
726 460
29 916
756 723
229 893
432 721
507 119
511 583
593 394
612 434
941 553
320 530
216 419
52 73
514 408
511 724
540 806
639 808
360 898
415 786
489 802
364 425
238 999
540 335
867 899
566 737
553 710
806 48
437 947
667 346
407 223
840 950
782 57
296 200
829 482
758 392
649 836
101 923
265 627
527 879
198 211
255 390
511 104
937 65
352 751
630 246
623 112
371 418
895 246
606 127
296 998
5 898
580 862
516 274
179 544
879 947
224 247
171 912
228 711
139 382
420 506
345 933
241 852
800 761
277 228
741 527
667 932
524 107
358 129
384 949
990 167
609 117
119 796
211 721
728 549
927 15
159 145
456 168
940 906
745 230
447 362
180 567
272 586
458 945
111 985
93 574
498 430
94 497
449 594
837 687
967 752
101 100
105 353
358 541
92 466
699 378
773 472
445 631
545 297
319 898
565 934
930 229
193 271
228 456
597 417
320 638
542 313
47 901
252 357
265 261
274 35
541 255
127 733
90 267
346 689
351 160
502 52
209 635
300 283
5 691
299 922
799 813
691 428
35 688
677 193
334 473
425 960
409 459
709 560
265 623
72 651
365 550
568 808
689 524
714 169
59 500
711 275
762 189
286 573
959 927
810 7
866 879
979 180
743 183
286 588
144 421
629 60
614 416
816 503
943 582
68 268
451 412
979 878
689 200
23 269
211 380
283 923
211 774
965 171
605 84
779 935
515 340
422 926
828 757
331 951
813 103
581 987
768 645
470 906
387 886
358 735
254 924
493 444
280 161
561 240
428 297
379 445
587 880
401 691
350 633
890 658
752 671
60 822
481 879
243 632
545 422
518 403
886 633
632 648
541 82
929 944
108 729
971 221
99 486
174 532
577 127
748 905
839 482
87 537
532 506
425 2
40 789
407 150
564 11
731 618
203 405
97 906
522 515
626 629
725 120
763 189
156 773
423 484
269 226
862 163
496 488
518 991
465 895
84 231
321 755
97 556
35 573
255 94
605 500
715 284
166 596
80 789
745 721
121 207
912 216
182 478
721 930
741 869
780 423
308 526
913 706
755 569
849 716
776 710
227 804
841 32
883 413
422 811
297 822
689 244
50 934
949 522
698 457
495 208
775 898
615 195
902 259
408 67
392 584
820 648
103 572
733 901
811 967
115 466
963 128
142 551
916 10
609 520
977 108
817 461
445 590
53 57
642 742
685 664
574 757
498 216
580 872
467 859
343 999
65 884
172 552
375 83
892 127
506 302
476 906
937 424
422 32
100 85
165 831
655 50
707 71
34 568
809 742
973 427
264 45
527 160
878 280
365 315
493 774
888 792
549 100
782 733
445 99
66 888
421 458
369 905
448 56
572 417
277 523
459 664
689 763
373 114
174 893
952 615
718 894
59 463
832 205
960 50
670 913
639 216
993 446
239 551
124 133
693 949
310 367
311 194
723 130
460 996
465 662
547 336
106 128
213 684
714 451
123 871
569 857
668 566
988 149
494 371
499 64
851 151
233 172
125 390
384 186
21 59
334 178
906 787
428 211
924 790
929 466
381 237
419 400
439 973
613 258
741 349
137 679
870 435
780 911
784 458
327 620
758 863
772 783
7 798
485 224
413 67
622 419
732 295
228 320
720 359
593 239
431 547
34 779
994 909
320 740
428 535
586 196
860 562
40 739
475 724
260 488
172 524
455 91
61 772
27 412
749 151
87 592
860 848
455 12
131 490
345 15
453 278
138 750
213 42
971 114
679 317
661 786
610 517
655 308
198 321
443 682
575 717
83 643
672 420
764 481
795 957
142 264
553 487
169 494
723 979
942 307
464 798
658 434
400 54
643 242
537 923
938 570
706 526
670 909
657 466
646 499
477 169
870 896
585 816
990 505
802 531
435 932
755 753
455 775
131 725
50 927
676 959
42 799
284 880
563 615
250 822
180 897
508 278
290 193
59 385
880 673
172 29
158 984
345 759
493 471
419 396
862 864
176 183
259 816
354 750
794 627
686 573
979 565
124 452
785 924
271 953
589 142
685 763
585 830
547 742
15 388
788 132
699 547
323 471
489 995
695 599
330 569
368 764
647 720
967 823
164 672
296 504
848 197
134 572
708 593
378 156
330 795
848 852
901 214
5 289
706 430
499 963
892 389
165 171
782 967
79 565
688 892
908 517
89 449
92 928
292 290
122 123
213 800
253 723
344 177
786 312
259 327
404 715
874 513
856 12
675 624
288 584
779 130
515 40
991 535
297 575
535 304
945 379
395 870
13 299
720 965
342 644
842 340
94 863
314 909
337 292
559 657
141 600
988 93
827 89
59 947
85 959
249 545
267 142
244 914
96 188
161 165
974 670
419 424
423 400
392 572
92 737
252 166
220 644
556 46
13 65
247 381
696 729
694 932
552 925
898 697
172 950
781 992
377 218
217 811
935 27
936 108
542 395
17 963
659 173
683 83
497 452
541 81
708 550
303 258
329 643
536 847
652 881
669 224
855 934
839 477
682 40
187 922
479 466
84 258
484 548
184 472
596 251
9 723
486 517
105 954
52 727
93 509
331 772
504 996
268 479
839 144
537 930
707 41
294 527
499 555
926 812
139 586
529 70
16 415
969 271
988 509
885 99
649 637
616 744
729 399
25 272
889 209
514 212
719 255
275 856
754 989
629 31
6 536
286 312
865 940
240 440
370 633
97 279
6 939
983 369
29 586
544 683
475 102
272 501
720 719
337 145
409 828
230 164
656 267
647 739
993 974
423 295
206 909
483 520
216 909
340 851
253 398
115 901
883 43
557 214
65 696
906 94
779 164
158 163
108 890
110 216
437 104
115 322
99 585
493 749
449 650
656 952
842 927
427 983
77 898
998 522
985 665
660 798
322 239
478 730
441 847
948 79
877 927
440 145
80 136
760 152
566 616
532 296
248 841
200 896
648 771
350 150
152 803
598 168
136 235
91 726
437 974
578 220
942 677
307 494
130 333
22 839
489 812
889 290
501 44
619 889
873 520
657 100
808 216
990 224
495 706
222 142
813 601
10 774
598 485
896 811
608 613
581 28
615 802
652 296
984 296
487 431
70 221
112 419
899 449
847 447
427 712
687 294
267 411
633 240
689 134
712 737
435 782
957 941
873 306
42 971
849 457
465 448
340 768
772 889
45 341
319 138
450 295
589 280
493 387
132 623
242 871
150 752
579 286
983 96
585 732
125 856
519 130
461 374
321 419
506 609
531 720
559 976
898 865
971 833
453 570
164 830
748 853
60 767
13 527
566 453
660 778
260 120
376 932
845 92
86 190
270 49
976 318
542 792
764 309
982 484
606 432
368 14
152 831
999 547
636 895
977 395
602 315
251 475
568 391
397 483
353 303
540 117
840 277
28 257
198 209
914 286
790 501
847 716
100 691
230 710
594 669
795 478
597 870
836 738
947 267
749 619
879 844
798 236
98 319
351 659
465 608
799 399
654 390
287 187
140 276
59 200
709 414
253 882
714 484
879 546
805 907
824 951
12 581
510 274
662 255
573 528
166 974
634 15
319 456
908 283
451 192
204 313
310 5
774 372
524 331
211 576
499 549
175 343
705 146
77 151
564 735
622 461
750 646
396 933
825 813
384 933
60 974
993 615
906 22
855 89
161 181
180 343
185 63
503 772
686 685
664 26
371 597
16 400
393 155
285 157
356 278
873 900
507 130
215 589
262 518
66 159
530 366
309 189
535 515
293 404
166 98
80 495
668 224
373 870
14 22
53 564
277 489
460 538
298 461
961 27
377 460
235 794
259 58
723 513
303 670
924 312
857 971
974 636
993 283
739 491
600 99
835 796
344 801
611 805
39 820
830 513
693 39
66 754
652 192
680 106
244 169
482 610
103 86
585 211
804 11
326 947
241 997
956 350
348 978
906 615
233 329
163 18
334 457
944 269
374 513
196 490
55 433
37 646
582 418
769 199
522 393
542 972
678 377
857 294
978 274
168 873
29 824
307 650
841 582
953 380
20 45
132 551
281 575
410 861
394 358
324 763
308 224
152 561
535 885
938 379
115 278
190 196
301 725
255 806
860 580
110 31
190 274
367 948
151 747
975 821
125 610
473 449
200 647
330 602
976 472
207 816
337 530
403 347
448 304
873 753
13 936
895 628
880 533
770 741
454 890
611 389
574 27
431 492
406 761
78 842
564 21
203 407
286 347
192 932
450 612
282 531
451 830
514 512
667 836
823 923
39 843
339 456
947 210
396 116
552 226
74 106
349 52
105 640
504 195
549 767
909 178
988 365
258 484
5 873
524 975
616 888
909 771
162 648
804 47
737 4
610 266
231 790
345 995
931 932
257 213
791 400
153 484
888 773
966 734
556 350
298 634
780 790
250 879
128 213
68 806
986 289
971 703
976 791
388 941
635 522
927 881
302 943
285 35
324 735
57 60
32 187
872 471
670 174
752 701
753 340
94 604
529 972
132 313
481 905
950 601
437 698
354 16
781 741
657 543
749 177
894 810
846 13
937 319
886 970
570 397
87 575
626 271
281 471
12 576
118 147
49 952
786 95
991 426
902 649
56 560
523 836
714 781
566 826
633 699
409 385
482 857
47 499
340 111
583 221
783 559
952 617
167 804
496 357
117 123
122 291
555 182
269 998
610 460
151 532
297 485
282 83
16 291
177 143
92 318
795 275
101 568
706 970
102 195
966 280
384 414
610 302
409 401
899 232
762 469
317 808
490 240
524 384
707 553
346 467
642 132
185 983
385 149
744 295
876 89
572 692
721 790
629 901
150 518
780 905
266 445
586 584
976 868
924 732
172 857
46 966
267 951
911 454
234 558
128 479
208 143
713 704
583 135
851 834
983 321
587 536
258 147
473 392
179 837
954 697
170 104
427 331
525 810
507 249
717 870
740 473
616 71
707 272
1000 294
732 568
713 903
312 872
955 974
540 848
320 307
170 250
161 581
277 843
322 874
320 162
395 688
786 67
678 125
183 561
409 492
467 290
486 706
109 937
520 250
459 646
353 159
657 402
70 543
848 694
156 621
205 908
885 90
813 717
615 833
233 451
163 488
491 791
404 902
615 982
407 525
288 891
220 126
991 979
261 684
903 365
656 438
490 137
935 604
222 679
478 845
500 781
837 394
250 820
721 737
828 579
73 294
25 154
622 79
788 305
151 56
974 92
815 984
392 514
138 106
447 484
696 592
123 90
591 477
63 698
190 350
375 838
147 137
750 37
167 122
205 131
932 392
747 832
384 708
906 329
856 948
673 66
947 543
159 871
165 486
919 552
440 219
829 607
756 929
958 189
360 850
840 383
832 876
406 611
243 703
137 238
657 999
237 421
184 335
256 684
424 350
298 315
796 46
853 171
472 74
402 269
633 529
373 790
320 142
766 855
134 553
677 206
312 610
956 795
190 583
144 875
161 835
138 348
771 406
809 111
903 653
870 576
213 927
252 891
761 151
563 905
446 783
505 337
171 864
338 211
176 698
250 519
268 234
16 83
749 991
274 791
797 540
987 627
375 742
627 533
486 133
513 319
877 239
438 56
149 59
908 312
162 438
609 263
148 133
478 952
172 3
844 77
48 49
548 358
162 41
354 769
725 894
392 574
998 258
324 341
332 840
685 844
66 316
560 442
546 101
489 588
758 64
811 11
256 618
310 733
332 445
246 735
972 109
883 572
612 196
761 646
759 407
514 844
182 998
697 322
130 581
701 282
230 593
613 766
781 351
98 105
347 870
614 948
613 591
635 395
467 365
325 887
607 97
882 544
331 298
207 375
931 619
397 187
582 629
260 629
252 136
653 970
255 40
77 88
472 398
854 607
729 397
287 237
371 404
904 527
641 770
323 537
916 678
733 478
145 605
864 275
883 497
844 857
652 100
840 284
642 351
443 743
917 376
314 943
246 938
279 639
909 996
387 966
941 403
102 913
600 820
966 304
254 812
715 810
384 64
445 799
12 632
327 901
332 797
59 703
279 946
290 565
459 482
612 676
123 554
858 228
414 862
698 333
226 602
423 148
299 394
872 472
545 470
182 605
285 211
146 379
882 49
555 221
276 906
775 464
545 71
393 210
985 264
802 366
471 633
644 413
494 458
575 103
243 710
337 637
948 43
753 181
825 288
632 790
961 416
100 980
563 404
533 401
506 15
948 218
311 746
244 703
189 10
597 253
831 911
630 80
17 409
697 719
4 161
776 218
247 933
940 318
771 321
679 632
900 379
670 773
205 790
496 358
292 132
117 122
250 349
88 368
2 160
476 239
701 994
123 950
676 160
578 311
898 102
573 296
69 107
46 408
303 555
173 107
233 256
968 333
54 790
721 619
3 564
427 736
859 741
92 204
746 81
785 651
133 84
105 285
267 857
108 679
107 934
205 566
958 981
25 991
524 391
792 119
811 181
891 222
190 306
925 165
283 595
512 118
185 402
829 969
25 761
351 426
152 756
118 419
468 662
506 321
803 951
826 636
294 62
830 92
192 592
303 196
821 775
604 697
998 973
518 745
160 40
469 18
808 521
611 476
994 460
283 41
152 599
631 950
306 93
344 216
640 901
853 209
165 918
477 900
792 832
890 111
709 745
909 23
681 72
278 78
118 777
984 407
675 695
880 619
274 816
371 332
852 261
533 942
571 343
757 384
181 393
5 262
383 610
756 200
300 86
11 13
374 867
673 791
343 464
20 821
266 85
484 571
750 533
950 43
920 234
554 4
669 497
599 880
746 196
622 467
881 619
238 472
121 802
858 301
685 68
11 606
309 115
916 461
332 180
208 106
138 845
547 747
807 569
319 799
125 604
716 353
610 764
998 675
584 755
344 376
752 597
716 496
877 370
422 111
761 745
541 251
890 463
172 642
363 453
576 722
726 936
423 207
714 608
930 677
19 382
203 493
166 243
593 549
353 472
502 228
782 25
611 73
922 740
687 932
598 321
302 130
984 85
32 866
876 35
469 485
161 834
933 36
919 241
153 978
653 933
526 397
123 528
773 604
409 233
894 341
309 832
10 120
576 13
633 76
780 447
391 677
54 700
534 138
168 303
844 716
193 876
839 749
738 384
701 524
723 44
158 793
776 372
143 942
348 191
353 727
211 753
951 245
699 132
793 207
614 17
485 67
569 624
56 541
909 8
685 826
941 336
341 516
732 379
437 17
259 785
647 386
85 527
765 509
824 401
308 226
110 178
851 652
817 556
938 386
878 183
658 869
369 421
685 621
502 731
271 188
592 123
630 711
47 933
285 784
307 840
49 769
178 999
981 406
839 478
566 562
753 25
886 455
922 550
703 383
964 873
269 141
588 941
915 359
957 224
522 527
765 771
363 207
201 696
865 385
631 414
239 764
151 30
657 411
304 703
321 759
140 269
745 843
918 356
297 382
191 926
987 771
272 44
844 628
343 596
257 777
596 100
28 664
235 324
771 800
686 77
317 694
582 226
533 998
515 295
718 290
831 705
228 618
487 763
552 288
326 703
558 506
984 907
141 411
586 963
950 96
590 907
24 488
679 516
394 38
875 547
590 58
280 129
462 681
634 838
465 736
582 686
648 935
713 781
225 795
998 446
690 839
416 304
551 778
848 467
995 383
996 171
906 191
731 398
246 649
912 975
450 898
397 649
878 450
106 531
621 502
960 987
816 424
282 763
636 516
195 618
878 429
629 166
947 884
621 117
971 74
592 133
649 194
647 827
339 740
106 697
657 831
331 104
161 552
934 173
829 473
227 315
448 577
655 333
696 274
443 268
408 858
654 143
112 248
921 540
499 520
201 19
589 632
965 811
947 304
205 626
334 8
205 998
611 895
975 198
562 425
103 11
69 119
641 542
236 744
383 363
151 369
724 181
482 552
666 106
83 148
410 428
72 23
828 714
903 152
713 158
936 635
21 71
480 279
867 901
458 134
215 241
665 460
228 876
263 960
896 136
409 575
466 568
592 662
129 904
703 866
851 727
690 875
30 472
358 965
50 380
510 768
313 196
276 824
189 617
542 961
854 357
450 119
215 821
76 29
583 750
267 740
723 902
751 852
39 376
901 109
812 568
691 697
907 980
489 805
290 974
476 793
480 244
252 540
308 286
131 383
762 849
355 285
840 955
330 965
188 491
995 973
634 151
523 866
619 969
526 7
953 297
911 715
143 637
889 451
283 374
286 699
347 992
326 168
396 207
629 596
376 345
753 621
516 287
112 156
776 420
390 548
140 59
468 408
275 804
227 787
159 126
737 66
974 785
442 174
159 15
223 984
828 750
499 32
963 401
471 158
254 794
550 807
93 648
560 803
444 854
638 124
569 603
417 198
601 677
793 355
65 756
10 95
671 134
777 964
604 171
690 982
733 969
225 775
99 565
686 577
176 314
712 220
980 47
574 550
640 785
958 833
119 351
473 377
327 370
846 954
139 487
134 278
929 62
109 438
695 595
590 447
60 525
540 775
989 733
531 60
56 412
113 157
60 508
930 674
627 980
386 644
869 959
174 735
212 406
514 648
382 578
221 704
238 742
22 915
978 957
143 957
909 709
822 842
843 173
4 265
614 744
945 413
472 281
519 972
588 767
849 825
335 110
763 611
819 309
295 812
614 458
62 893
926 982
453 160
20 517
478 525
653 931
324 147
607 592
23 995
712 828
452 127
237 767
185 924
519 259
794 270
496 367
77 295
243 3
444 890
250 953
126 213
377 621
388 549
963 171
232 191
770 95
750 673
417 83
875 653
128 409
190 203
946 861
854 306
929 105
860 576
473 341
642 654
937 550
683 454
481 866
977 805
336 171
523 535
569 51
972 24
668 993
382 668
753 24
511 888
60 515
152 971
961 75
374 32
52 812
424 459
282 809
122 40
787 928
791 888
740 576
245 174
852 890
505 17
912 319
235 904
292 465
420 238
149 552
294 515
101 815
601 303
501 410
733 314
115 248
685 439
121 210
853 641
88 261
89 620
163 469
918 71
791 207
316 301
415 75
111 600
993 119
146 795
193 938
606 741
292 917
498 579
228 619
45 75
312 825
896 399
167 755
328 65
770 360
292 996
738 532
333 208
281 333
599 725
160 650
103 426
894 435
162 472
128 168
76 566
239 218
115 40
340 863
90 886
132 807
703 760
365 659
708 66
637 100
760 114
555 305
932 589
569 365
843 634
475 862
276 805
722 437
688 365
7 983
800 663
583 628
547 674
307 905
760 623
262 675
356 346
268 804
180 40
221 150
365 20
773 61
42 73
977 914
744 931
270 89
38 697
517 56
739 872
669 877
526 782
929 704
913 143
786 203
456 826
769 831
60 420
208 639
706 402
725 438
283 79
549 888
23 385
448 61
985 202
914 176
252 545
848 574
773 683
944 829
190 541
123 618
644 866
667 3
486 775
470 820
842 39
145 285
666 329
371 453
848 569
541 663
912 57
767 99
953 803
491 812
755 619
889 291
858 864
140 999
602 790
896 589
733 32
129 338
221 204
336 634
816 436
410 429
818 286
856 317
197 867
719 994
834 683
427 738
185 980
704 456
121 554
506 792
710 562
368 777
239 254
10 184
963 210
142 538
327 619
55 664
537 137
497 836
522 223
464 139
161 173
107 809
328 682
96 582
884 487
498 102
337 812
434 249
52 305
988 581
682 936
721 935
6 358
906 336
206 380
530 612
731 493
399 212
151 556
190 18
484 779
359 905
341 142
802 368
623 280
919 555
591 830
406 602
816 572
408 527
551 412
75 431
863 414
166 122
829 282
344 444
289 215
916 990
833 72
44 552
735 97
264 300
230 619
72 661
916 828
647 4
170 178
72 740
239 888
184 754
994 159
562 507
879 840
435 547
623 946
946 787
278 63
886 256
83 85
853 697
103 46
213 368
440 870
883 570
921 281
305 76
352 33
5 57
124 541
590 806
710 939
847 189
723 387
926 292
272 561
204 85
502 829
195 203
234 367
12 221
903 469
628 179
920 236
782 521
679 996
186 381
636 48
363 891
569 308
391 623
436 116
824 186
96 768
672 926
639 916
414 551
878 8
809 519
94 539
276 588
226 755
99 355
65 823
180 849
998 673
527 405
950 516
420 567
124 270
677 489
159 902
57 964
666 858
193 4
394 789
17 470
696 79
109 872
94 196
331 178
904 986
333 864
482 58
411 250
947 988
922 218
113 510
350 509
244 608
669 631
411 363
786 309
805 23
205 843
64 53
999 801
212 117
602 573
696 442
774 889
810 590
819 590
90 578
733 326
473 752
809 270
295 815
496 575
680 638
667 888
619 99
675 341
514 205
71 752
844 433
323 719
72 845
1 343
384 345
348 10
495 853
187 140
461 869
906 754
444 533
818 294
660 453
552 326
680 283
963 396
943 674
215 203
96 244
92 182
992 396
447 436
641 1
238 267
314 347
134 70
379 435
569 743
309 36
911 877
811 878
393 985
855 121
319 649
691 933
233 683
143 210
950 710
453 918
848 120
830 312
189 400
371 565
507 53
554 294
868 218
749 201
734 551
844 35
866 487
541 221
890 481
423 456
639 750
643 629
271 348
783 797
446 658
1 981
98 191
647 870
598 240
411 198
378 927
514 621
677 943
153 515
540 185
923 35
966 135
198 29
951 625
952 593
148 770
221 340
847 640
64 17
751 148
943 157
122 267
395 987
107 85
606 57
329 83
794 175
544 833
5 964
559 493
692 514
680 74
18 593
828 450
791 206
832 901
280 653
982 863
418 229
804 43
183 653
757 469
335 867
646 589
791 428
409 918
283 893
141 631
771 960
993 848
243 113
224 487
223 672
850 970
297 986
642 990
76 390
189 865
724 444
300 318
792 116
508 57
403 191
247 737
927 624
256 299
9 165
816 819
854 351
33 63
604 946
659 481
600 39
261 71
155 716
428 696
506 296
536 769
975 936
403 266
441 707
761 822
527 461
462 533
472 231
39 67
806 188
591 970
170 402
602 433
408 958
61 988
703 413
635 59
40 841
500 446
334 943
1000 635
430 386
468 49
683 638
834 510
156 662
877 869
252 847
202 116
844 523
23 102
351 533
580 865
84 112
235 4
145 284
552 798
790 204
757 56
832 993
93 57
201 150
667 977
324 212
474 537
202 520
993 771
18 368
62 389
671 910
374 794
12 313
951 430
803 30
989 375
183 288
258 665
280 961
957 793
944 739
173 207
776 862
479 558
506 904
604 193
845 233
209 79
599 990
980 844
967 666
551 859
171 23
65 520
542 42
12 893
218 38
272 914
285 891
170 197
37 608
229 870
142 807
668 507
541 99
320 617
85 295
234 863
800 914
300 214
51 280
215 533
787 140
17 245
833 222
166 865
691 296
711 213
413 529
471 892
791 733
829 394
1000 712
209 628
565 432
624 852
821 550
680 710
53 588
39 553
779 778
961 163
542 525
473 124
876 73
830 622
135 588
616 662
767 433
809 273
371 416
740 895
580 724
448 855
96 200
598 68
496 611
371 337
262 480
28 706
12 255
988 192
602 395
516 575
44 296
603 571
31 50
380 624
318 938
618 212
589 553
124 653
310 30
612 906
153 337
112 781
716 984
842 623
257 307
320 905
392 518
86 672
171 482
137 342
618 281
980 864
12 658
986 485
769 265
695 448
370 314
669 272
137 423
601 714
158 271
380 171
143 249
539 780
649 348
989 389
526 570
798 831
655 850
604 634
53 236
660 836
598 232
668 479
584 758
142 946
513 558
293 270
848 187
612 44
995 188
935 658
963 666
895 607
821 792
414 710
717 919
991 200
313 561
441 612
672 248
758 393
178 849
823 807
161 613
826 121
478 36
226 69
815 239
231 468
92 958
441 221
916 866
442 669
98 11
288 479
1 746
734 388
349 186
278 254
338 429
211 201
302 240
106 913
951 669
844 595
938 536
387 274
192 234
230 374
219 707
1 436
588 584
747 521
922 52
101 747
102 316
193 752
430 775
14 966
755 546
19 940
541 975
157 196
179 690
572 939
96 84
844 767
598 883
936 934
276 463
777 759
484 313
360 359
159 259
163 964
41 193
100 361
630 13
689 316
949 834
586 652
613 213
924 512
816 953
66 312
358 560
587 966
574 560
422 948
495 377
133 902
531 783
695 512
453 917
919 652
873 986
905 691
146 418
562 794
742 756
746 393
53 369
885 414
702 70
964 709
895 627
553 758
551 423
422 379
522 699
394 822
179 52
861 720
790 596
94 161
773 778
151 170
632 988
461 1000
639 463
17 66
376 415
776 177
689 720
139 461
321 756
468 525
36 841
588 654
865 503
349 158
60 87
151 392
945 447
374 371
446 860
583 133
843 472
718 660
611 836
98 369
814 171
315 233
362 170
645 755
656 212
698 563
115 927
187 58
413 564
534 4
901 783
210 8
311 38
822 259
770 358
670 316
423 332
53 251
780 787
360 308
214 563
770 281
333 95
697 31
303 551
929 440
603 257
703 747
771 737
522 313
635 656
608 841
263 325
216 770
582 685
324 693
468 665
882 331
294 421
711 431
996 199
544 960
764 875
786 517
380 124
734 855
346 60
707 29
152 521
989 191
223 359
416 17
15 107
200 680
184 45
592 90
973 467
388 95
955 877
990 929
1000 463
873 583
514 957
539 530
812 998
389 947
449 200
387 37
551 331
40 955
94 242
496 45
539 387
407 179
504 552
377 286
340 150
14 467
623 597
737 526
960 363
902 642
743 560
355 371
69 449
711 22
109 960
681 199
458 72
496 267
297 206
889 292
728 102
341 491
552 786
936 403
765 553
27 866
411 451
329 78
59 309
595 359
867 458
804 505
711 246
814 54
211 479
434 286
839 545
198 463
723 120
48 798
144 371
456 37
183 178
612 768
245 629
690 290
250 797
859 761
521 848
868 633
797 547
465 58
998 236
952 836
358 271
710 560
822 414
927 817
290 406
38 536
424 509
765 223
966 872
471 330
932 936
367 789
467 911
680 676
910 527
380 128
283 34
648 98
322 9
790 976
282 683
964 939
302 686
276 537
604 693
660 647
294 909
433 532
193 62
53 474
401 73
57 543
8 245
246 37
620 274
86 402
235 820
92 987
260 786
973 682
188 486
88 50
204 632
830 924
335 486
796 788
149 622
887 586
505 440
639 229
573 841
763 713
415 124
185 683
718 639
735 551
656 710
379 877
234 56
141 476
969 43
664 567
42 887
810 797
426 726
145 572
789 129
917 444
267 954
426 633
281 154
945 899
572 742
560 806
318 570
745 238
711 961
819 775
698 490
885 522
941 360
129 957
998 283
730 717
884 725
713 409
219 64
113 709
501 886
584 394
379 262
142 742
932 965
717 82
76 350
902 236
741 92
137 422
413 465
459 319
920 827
939 105
650 236
299 470
268 799
358 887
44 627
489 996
77 725
904 367
319 872
659 7
734 585
425 157
374 168
880 254
894 871
648 227
26 426
285 731
895 956
718 927
293 240
166 326
773 678
635 339
726 654
948 444
587 212
164 355
371 424
327 333
839 826
59 268
64 422
746 590
823 454
753 526
823 269
266 561
546 100
784 62
954 386
480 5
45 979
980 338
728 747
242 515
530 38
10 397
907 137
102 31
642 214
435 844
991 835
872 549
729 880
949 943
695 95
310 251
337 63
530 998
177 662
840 82
608 222
909 804
780 590
252 189
822 719
508 23
224 582
677 887
398 360
807 244
815 569
443 55
806 436
792 290
43 920
320 547
160 156
18 342
700 798
384 596
846 516
762 579
172 723
503 163
487 370
952 23
511 660
437 721
757 716
114 382
976 365
151 967
852 560
800 987
639 744
52 952
503 152
551 422
791 663
151 820
304 853
251 296
680 752
660 558
727 637
702 69
726 827
714 787
517 372
880 641
559 137
799 670
32 898
162 999
577 442
162 928
40 28
222 804
408 608
959 901
823 298
408 399
367 740
546 653
529 857
269 734
988 820
572 985
576 412
262 425
45 55
489 181
608 813
183 169
943 723
231 669
146 801
295 384
621 890
784 343
570 456
384 69
367 18
539 415
99 912
262 90
548 763
474 372
874 79
509 804
299 227
309 6
720 371
918 736
807 711
858 512
384 786
683 406
497 191
830 331
247 463
722 579
817 733
177 894
986 252
971 352
934 220
725 337
530 289
283 471
458 260
386 553
817 229
441 562
351 83
759 118
360 574
568 3
566 530
806 13
938 925
853 110
946 384
359 725
778 952
757 962
539 307
981 138
486 728
262 155
329 275
994 7
616 557
823 829
883 773
587 56
259 137
795 459
45 744
675 561
681 480
239 773
233 916
23 209
745 693
857 551
162 567
89 370
879 934
805 783
277 536
435 742
681 642
40 278
352 24
461 858
300 655
689 191
33 947
548 118
625 877
555 850
537 451
224 962
570 38
970 563
310 48
216 961
19 113
446 208
629 911
693 482
987 205
305 826
256 235
242 956
133 827
64 840
46 968
219 404
39 129
150 890
494 897
411 550
86 868
613 239
143 231
755 375
284 351
622 370
394 395
307 998
473 402
147 81
385 708
173 945
281 795
891 228
435 494
469 70
935 879
768 259
398 66
984 395
721 357
117 628
617 404
302 542
113 245
61 909
333 1000
263 539
550 366
810 164
259 438
633 639
481 762
174 711
585 764
964 454
969 541
143 712
97 970
279 24
526 11
196 938
434 99
198 200
539 140
813 549
460 723
745 887
355 511
987 990
456 646
753 656
365 714
169 359
946 25
35 330
737 868
679 889
224 273
480 139
814 224
154 80
656 142
776 567
228 712
905 917
475 305
760 614
235 401
20 835
684 346
442 29
116 180
228 558
944 503
29 523
637 342
207 836
968 509
901 983
498 340
928 859
76 59
345 767
248 245
613 302
565 651
34 69
163 955
937 812
917 272
104 897
727 171
401 607
163 520
220 559
464 505
427 143
180 461
328 600
669 159
446 8
929 50
330 487
566 265
793 965
688 391
399 743
856 553
912 779
381 702
476 842
844 48
901 77
407 276
246 356
319 760
269 275
7 729
572 31
493 710
296 286
334 890
504 609
585 664
801 587
36 704
735 70
23 458
45 526
389 684
984 90
752 22
459 600
667 95
154 390
597 914
230 741
210 7
677 400
93 179
683 607
649 585
545 680
398 692
572 71
75 537
828 57
775 610
62 865
432 266
322 914
509 276
663 489
525 456
505 693
487 381
375 764
638 162
555 666
97 380
962 696
444 647
853 813
491 713
1 118
370 303
263 210
211 613
30 235
893 65
585 272
452 281
936 710
724 685
375 947
301 556
766 789
294 447
479 278
205 208
361 2
624 830
125 793
189 572
697 440
246 567
392 258
945 618
165 120
426 33
13 767
217 860
234 770
181 825
406 918
333 590
743 987
161 293
885 607
938 23
846 692
482 507
669 901
380 7
394 677
514 838
865 698
368 510
633 582
354 161
176 153
319 621
468 937
485 885
469 336
22 960
23 377
8 142
869 113
195 800
256 940
60 226
545 618
359 406
417 907
572 261
773 554
151 394
161 206
782 792
966 21
568 676
98 271
207 147
245 460
282 70
123 928
474 447
109 653
681 276
700 16
154 188
905 860
727 713
563 792
826 931
912 96
144 506
112 526
577 628
210 119
27 599
675 451
856 499
44 242
67 659
528 175
768 734
819 977
297 991
742 251
855 312
331 430
186 321
853 258
428 262
751 232
366 78
186 304
447 139
82 638
566 215
952 359
811 220
6 382
744 137
427 215
877 851
380 237
238 247
185 489
167 137
924 772
322 82
252 279
626 36
511 570
826 610
226 694
227 243
462 878
356 469
450 782
749 170
165 265
332 302
85 98
683 853
530 192
89 400
970 267
329 100
37 80
477 777
460 601
445 491
249 218
321 805
729 160
268 356
730 395
412 661
511 126
100 647
970 945
188 34
838 66
562 467
134 293
729 322
382 888
438 958
809 314
136 556
982 783
732 982
988 328
628 743
849 662
408 492
33 961
141 438
605 241
637 929
408 283
542 706
762 476
183 140
495 142
718 633
818 493
647 214
224 946
394 957
820 710
508 378
293 834
438 405
811 909
149 238
632 158
405 852
907 446
402 698
845 230
77 704
524 445
963 103
232 251
198 976
76 308
778 48
281 760
267 573
930 215
722 405
355 836
341 793
397 599
952 498
381 552
661 470
756 596
407 386
797 22
670 284
144 698
731 286
843 969
274 68
965 214
189 183
468 882
17 494
368 6
958 373
981 60
341 349
880 417
827 682
352 522
596 485
71 341
93 317
256 916
919 235
995 833
94 521
827 904
169 358
867 411
529 6
940 868
348 796
981 602
286 606
268 253
206 273
758 834
488 534
750 850
690 373
767 865
469 942
73 333
818 401
380 738
785 728
550 856
898 281
632 75
137 633
840 56
72 386
971 798
71 963
989 457
867 925
573 778
333 101
409 621
750 654
966 827
399 334
863 917
800 104
358 523
117 667
802 836
940 305
872 391
835 29
998 635
836 354
747 825
52 273
826 312
133 48
975 857
885 582
898 972
702 222
579 145
985 330
257 30
215 581
564 785
523 598
601 794
231 450
331 217
777 455
373 878
446 762
543 808
195 950
274 315
518 606
8 147
193 137
892 525
255 479
221 731
661 942
666 632
744 556
88 16
141 58
35 523
662 740
790 425
313 897
818 926
946 171
838 485
476 318
149 640
904 651
671 527
467 37
269 807
272 85
218 945
116 324
415 264
176 689
68 487
275 839
240 552
791 279
6 565
579 283
637 535
339 332
41 698
758 985
85 981
191 811
567 253
326 597
347 232
151 593
873 498
508 977
250 851
716 872
805 649
475 58
205 493
430 710
471 46
328 776
590 32
497 951
567 48
870 368
358 676
402 642
578 619
356 77
394 366
295 34
411 737
860 604
720 183
938 242
351 347
48 628
602 14
23 153
489 966
753 305
950 629
784 858
774 18
778 298
708 559
324 784
610 525
222 351
665 884
709 855
856 178
87 531
231 26
297 53
960 659
268 754
281 699
951 943
286 986
160 346
499 703
550 107
455 749
863 240
165 853
853 426
856 66
344 150
282 212
448 244
625 404
642 644
575 994
787 754
221 114
904 419
639 12
58 337
138 5
25 392
508 625
608 815
555 872
689 226
965 373
968 423
811 531
390 402
585 418
310 197
261 399
564 744
746 247
316 625
231 637
111 27
367 141
495 440
747 793
719 585
372 676
321 478
364 532
381 402
720 260
460 7
298 934
669 213
765 268
656 960
551 145
484 796
178 675
881 480
633 255
424 767
941 882
321 105
673 508
303 297
749 169
777 398
844 466
910 461
248 705
302 482
654 119
469 371
109 812
936 376
972 366
648 12
722 901
302 333
857 922
17 35
308 550
937 82
117 466
206 602
545 629
395 618
452 617
24 880
585 945
141 211
418 568
771 100
130 100
315 160
832 118
942 511
176 746
837 235
250 471
116 444
317 611
903 257
771 915
556 427
956 397
128 794
557 47
721 765
870 478
375 596
11 119
474 263
52 841
37 983
542 780
357 74
30 32
286 78
657 840
58 169
719 700
442 531
673 860
621 638
214 316
159 597
237 885
988 723
94 774
191 68
284 298
697 703
307 635
218 34
541 265
265 83
104 69
801 97
622 139
234 712
494 382
282 694
744 117
527 400
820 170
750 47
735 313
536 865
263 878
783 87
472 199
458 294
904 84
49 835
820 456
397 393
971 108
187 989
388 348
538 963
442 645
135 571
155 153
74 91
102 389
958 571
490 427
733 381
59 338
956 220
79 927
603 785
984 269
344 620
456 358
535 152
831 801
482 710
569 786
885 676
719 92
172 497
323 871
917 441
188 523
335 980
121 600
395 419
506 519
898 278
681 926
774 365
413 89
618 99
896 899
360 271
966 937
272 581
591 308
663 907
405 887
660 78
526 403
328 687
237 968
168 773
315 598
318 283
101 105
968 812
792 90
186 745
224 556
638 723
113 804
864 636
726 342
878 13
811 436
657 590
655 207
98 364
796 439
672 141
213 99
807 785
574 100
445 48
799 897
502 3
748 815
765 903
398 894
626 335
312 763
593 542
958 278
670 682
36 706
476 537
536 650
988 389
818 780
106 522
583 12
628 907
19 613
95 438
297 267
541 568
466 370
619 824
845 482
786 922
767 448
130 445
44 603
70 385
908 236
726 623
69 989
736 491
718 559
75 539
719 274
654 619
14 970
418 723
165 614
719 131
758 943
28 802
486 34
785 409
328 220
860 106
918 118
749 988
500 873
931 145
589 501
976 518
993 952
813 237
211 615
985 888
106 371
287 730
310 873
668 891
870 369
926 39
485 221
547 942
326 494
214 787
863 904
286 508
940 135
926 182
554 679
159 557
608 319
147 173
755 128
426 156
540 732
878 190
613 947
778 344
599 224
688 421
561 681
528 22
450 808
640 280
520 382
320 452
599 454
322 366
162 268
538 118
632 881
9 840
818 718
291 594
53 543
75 251
217 498
39 540
230 933
730 437
992 660
610 223
904 842
541 619
255 67
662 641
274 574
295 1000
114 769
995 664
615 675
301 279
122 276
620 123
680 928
311 322
867 466
953 565
106 768
13 500
479 785
918 907
40 430
719 246
796 637
469 771
951 387
206 334
813 414
372 114
541 943
1000 65
513 482
146 174
828 317
216 204
962 875
101 493
449 836
837 441
305 280
968 424
399 626
4 16
958 711
315 323
485 31
785 679
146 943
769 798
159 483
881 603
702 603
295 227
372 566
414 823
570 41
169 752
281 738
930 177
988 639
424 962
5 171
225 909
744 139
1000 21
832 459
692 363
531 815
610 716
983 811
557 639
677 586
937 405
960 978
523 512
945 826
502 937
229 559
105 721
307 173
477 613
385 927
227 66
249 510
657 935
550 170
255 688
610 897
16 530
938 920
460 452
522 603
778 545
288 495
360 688
179 20
805 456
847 589
153 625
905 418
523 895
568 356
511 120
147 611
394 908
342 706
936 407
465 993
361 528
936 38
614 517
631 633
615 852
118 852
13 280
897 653
736 403
440 848
512 274
896 967
395 216
822 705
380 469
729 659
435 792
517 527
462 67
409 885
136 280
233 153
125 411
881 869
579 641
21 64
245 994
765 499
195 213
214 595
146 915
552 658
993 992
176 134
86 665
710 583
90 852
612 753
72 371
647 434
233 836
664 10
846 822
150 889
871 673
985 594
252 87
53 98
739 607
834 889
172 624
998 556
379 92
933 611
717 140
80 223
190 20
265 419
785 184
191 394
35 930
588 14
796 451
677 320
715 149
274 469
921 822
683 947
73 129
830 370
212 377
325 934
951 918
554 172
368 151
523 923
325 823
257 575
187 698
631 831
146 274
36 909
169 356
667 229
939 888
689 621
487 116
224 200
734 207
292 102
809 276
884 760
329 847
923 268
410 233
886 704
984 270
892 943
219 619
127 930
989 3
735 547
901 428
794 386
300 191
671 984
874 212
35 58
96 60
45 141
68 50
675 106
622 190
988 995
632 77
885 211
233 369
91 480
533 249
389 273
983 169
767 726
517 533
539 997
439 603
413 60
437 438
419 663
367 821
388 878
191 123
693 229
513 775
492 426
595 767
65 920
566 268
894 905
697 83
244 23
959 247
269 425
657 589
930 475
973 407
756 985
429 697
144 567
933 889
346 645
305 437
467 491
194 369
749 1
473 830
757 534
134 853
250 72
70 855
198 152
268 586
610 824
23 455
979 501
943 22
946 214
567 650
53 129
645 504
279 174
467 182
395 949
733 303
790 286
875 98
583 301
837 162
236 559
727 663
144 288
823 224
382 678
633 182
870 133
598 884
822 312
346 632
468 897
742 67
500 874
928 779
432 250
271 595
771 635
938 900
818 427
141 815
772 827
233 89
385 325
669 429
142 599
920 677
775 193
638 893
551 798
494 213
557 393
831 254
104 15
46 886
547 655
877 876
824 264
99 308
372 864
86 18
432 661
217 929
184 22
863 318
808 683
938 18
173 775
890 491
156 123
530 328
442 856
888 776
484 559
674 619
490 556
198 373
736 844
787 824
146 208
496 405
181 330
134 817
776 235
160 348
26 470
847 537
350 451
677 122
4 468
43 345
89 708
207 368
917 891
645 621
558 838
631 660
944 630
874 456
619 180
287 212
549 129
608 707
625 539
150 52
739 449
120 925
301 56
799 329
639 188
514 171
1 260
898 10
511 411
115 866
443 171
942 195
728 715
490 130
866 617
266 819
712 863
395 413
841 957
41 179
124 783
333 201
408 32
124 690
537 5
833 878
775 7
23 738
779 64
690 541
360 328
340 870
536 331
112 973
96 450
838 488
159 627
660 180
55 546
994 778
818 902
259 142
103 790
436 955
976 144
794 801
579 77
844 601
910 679
198 661
125 939
792 258
975 787
798 888
216 468
143 429
875 158
61 321
562 827
688 578
906 409
768 426
369 859
412 497
269 344
874 795
302 480
451 998
855 716
316 132
522 555
356 645
587 3
593 992
420 186
402 833
575 546
802 488
71 259
352 335
853 317
527 572
328 424
92 641
421 673
724 78
980 176
842 177
502 758
888 335
228 720
780 127
908 4
340 710
509 217
699 393
97 479
542 705
101 447
338 35
196 389
966 673
928 964
966 560
881 99
206 69
44 96
390 124
621 858
103 455
380 840
971 887
826 94
390 705
43 280
264 603
966 978
346 251
510 558
936 641
849 224
152 432
975 544
586 705
772 898
169 723
744 345
997 137
87 145
583 712
864 594
792 239
641 767
424 590
869 336
468 734
76 100
973 498
796 429
155 351
156 12
398 241
19 252
796 476
523 700
341 489
677 335
408 326
388 350
317 80
155 125
856 286
322 454
967 506
151 233
367 676
100 727
212 489
395 571
821 593
208 755
916 827
259 88
316 31
202 561
803 95
782 804
715 323
843 278
607 305
240 801
887 577
746 599
212 207
749 608
454 260
390 540
193 750
802 692
76 945
59 197
671 842
488 537
897 793
662 27
634 706
836 794
983 981
733 142
841 862
440 587
891 992
85 943
690 707
250 826
736 13
64 906
102 854
431 772
250 941
682 706
595 819
523 62
967 743
306 986
717 508
534 658
760 865
46 1000
485 264
162 253
254 591
52 819
376 778
854 302
414 927
254 734
423 855
6 325
835 175
368 120
964 457
846 55
967 1
60 662
872 168
23 370
215 582
41 295
703 253
563 422
502 918
963 640
93 554
193 29
673 299
323 155
97 633
832 500
597 188
213 835
566 841
715 1
644 3
972 432
979 500
246 181
193 319
265 922
677 69
151 243
992 633
960 455
304 539
906 958
231 176
257 907
365 682
724 23
192 224
957 97
235 194
143 895
527 852
830 671
197 2
624 306
64 874
224 160
701 658
941 131
193 891
233 310
43 170
54 804
699 433
846 256
311 457
31 28
897 918
264 439
985 369
438 54
650 742
504 366
455 780
220 378
354 932
426 489
922 498
797 312
200 246
163 970
807 397
419 596
777 586
966 794
806 719
128 482
129 863
417 862
432 936
20 167
21 714
906 128
121 950
557 445
254 762
937 558
351 514
170 135
264 960
123 173
712 478
994 568
646 337
891 160
138 584
768 463
540 368
112 347
69 221
118 275
302 602
269 307
397 382
168 221
716 156
520 463
153 746
708 712
583 972
967 45
346 521
991 443
748 184
170 731
317 152
190 670
249 194
430 361
895 863
255 508
832 335
170 618
101 966
118 940
799 645
377 102
343 777
52 586
697 923
457 414
735 823
974 661
490 697
459 632
45 767
291 771
66 491
650 838
795 403
559 490
118 846
233 496
268 49
443 61
64 310
65 875
712 610
149 899
850 272
816 384
376 119
747 152
841 979
182 245
609 95
793 912
794 854
225 342
615 97
229 294
672 787
609 775
104 205
86 512
451 133
34 167
769 56
110 394
715 804
186 474
314 151
354 840
443 505
409 697
788 499
684 60
980 155
551 940
238 409
259 884
555 111
932 769
224 67
341 769
103 870
814 918
42 49
27 399
587 343
968 723
268 948
950 967
40 530
557 799
887 56
155 483
95 375
752 485
716 128
179 669
725 446
763 231
356 567
620 292
91 527
994 401
558 534
890 238
636 990
30 835
737 625
221 256
937 87
544 223
174 910
896 904
400 199
628 973
424 205
903 719
61 296
64 116
266 656
733 278
314 644
425 549
64 483
859 34
527 684
418 678
384 506
990 270
519 524
6 609
686 7
857 603
749 925
384 361
292 802
352 29
405 13
922 153
965 197
326 513
112 701
205 336
794 479
79 331
742 441
564 937
128 797
8 867
760 104
172 46
873 463
510 476
348 495
559 947
626 896
110 273
826 206
391 993
428 486
945 724
584 404
158 139
17 789
551 848
699 933
593 218
171 12
501 781
946 906
357 297
12 884
967 544
593 107
997 281
180 101
990 594
368 717
204 35
832 634
80 209
557 609
856 594
714 656
271 255
811 474
354 259
248 770
669 984
713 908
553 679
493 844
666 846
260 243
55 371
65 77
985 12
587 448
326 372
290 822
744 677
178 823
70 873
910 994
937 34
131 247
596 481
689 641
856 398
984 67
558 925
830 902
524 725
304 624
965 869
842 680
731 847
166 574
671 535
545 647
340 261
657 461
774 804
791 158
23 240
401 725
106 838
219 621
720 982
754 902
267 870
633 47
969 45
550 626
992 154
334 505
482 692
598 878
124 533
984 558
328 50
186 176
442 38
618 223
712 920
289 697
911 614
315 653
780 977
881 912
717 362
316 55
390 232
46 638
839 846
418 225
772 976
419 520
612 663
650 436
579 486
998 492
780 567
972 783
384 800
390 943
67 171
95 729
355 868
1000 111
199 253
109 429
367 533
705 686
962 55
273 826
570 944
455 86
265 247
259 763
778 645
143 277
554 108
352 972
920 590
942 527
543 776
251 258
551 265
812 827
50 270
913 148
182 819
655 781
994 89
572 186
117 486
912 460
676 445
420 243
408 667
374 366
385 311
982 617
415 312
1 540
787 743
814 150
749 579
625 637
572 92
844 985
690 13
101 532
871 496
763 747
987 735
789 461
455 841
573 358
25 432
999 396
512 942
859 537
920 387
774 546
488 901
127 678
555 657
112 709
646 744
314 1
980 574
510 389
557 84
784 496
474 506
497 939
522 767
814 556
871 517
431 904
754 929
800 533
394 362
753 459
937 668
111 225
170 245
816 783
191 153
746 448
555 93
677 706
290 698
481 889
907 901
80 379
531 901
937 446
574 805
77 755
545 33
484 715
213 403
216 361
507 185
567 622
757 726
143 361
971 88
169 230
778 520
854 247
964 851
113 257
782 963
312 521
978 918
886 55
743 410
661 665
191 819
269 101
680 788
907 184
974 666
830 606
120 705
746 541
596 255
672 711
378 744
605 375
970 980
148 616
900 575
650 982
356 431
600 361
283 857
568 903
880 614
36 165
20 546
572 983
8 28
3 436
263 86
188 607
745 398
267 72
819 935
570 355
970 537
457 938
242 688
188 718
68 116
380 806
987 374
928 792
119 587
101 204
379 486
620 728
873 12
29 312
773 497
8 565
599 931
17 953
280 38
642 760
208 579
237 175
367 988
828 525
741 239
636 27
341 241
752 568
200 687
276 524
562 825
155 373
502 940
514 653
821 808
956 474
887 59
584 900
961 46
355 235
89 411
354 49
407 57
688 817
304 710
502 249
505 75
179 134
736 729
734 436
627 772
369 532
411 299
984 23
896 905
420 11
684 808
956 69
391 506
123 978
480 594
679 851
496 736
957 365
407 652
233 467
822 597
79 52
204 585
923 466
961 539
391 152
139 323
196 368
992 255
956 282
153 35
944 370
961 834
505 624
625 871
353 676
853 895
107 629
309 721
202 899
298 578
561 72
814 650
266 164
175 980
953 486
592 610
440 655
58 194
974 76
559 946
391 860
871 624
582 625
142 610
955 417
544 884
390 156
104 939
414 790
676 589
369 313
46 829
802 423
894 513
533 309
593 106
156 360
696 781
666 274
186 563
369 690
925 476
378 283
105 545
475 595
829 672
441 743
63 376
673 412
947 813
963 567
507 979
382 733
842 956
436 477
60 321
226 953
722 978
448 483
47 69
106 643
530 33
217 298
770 592
345 275
807 591
614 875
939 607
688 989
84 190
501 904
614 562
145 470
258 239
316 25
870 592
687 122
412 612
811 26
957 256
928 505
946 19
178 489
605 270
642 312
225 66
888 766
509 266
348 904
774 692
978 275
724 211
266 919
504 118
710 986
550 627
140 988
906 711
744 44
749 785
953 544
560 846
7 61
120 181
374 894
513 344
608 90
813 133
525 529
949 965
224 706
445 678
872 750
873 915
693 448
16 702
272 712
493 346
954 924
977 21
856 866
985 514
864 897
276 887
495 365
411 536
708 786
195 353
552 830
209 333
622 171
894 908
864 751
98 520
759 391
682 148
304 977
142 37
381 809
991 48
902 547
79 142
758 372
660 348
348 552
115 784
324 876
815 100
140 284
291 920
516 199
663 144
648 343
705 154
763 396
507 769
623 872
3 189
47 801
302 107
196 682
400 927
712 862
871 499
415 973
714 442
685 363
546 255
417 557
446 116
257 196
478 650
120 98
875 786
831 551
814 851
96 330
366 932
831 436
394 795
797 740
390 58
618 67
157 325
450 497
803 431
362 645
264 533
977 257
121 858
786 646
772 949
334 134
59 540
498 84
890 818
318 315
70 797
29 235
255 836
290 328
608 307
825 658
7 997
868 523
589 409
696 854
125 900
823 583
76 200
95 828
960 859
707 438
1000 76
493 666
160 147
53 200
97 913
350 906
652 912
933 905
166 40
960 633
632 774
192 659
51 29
717 947
442 871
994 280
389 324
484 554
912 523
953 275
108 494
878 766
496 307
330 944
574 151
868 432
156 788
506 209
1 861
933 124
771 337
826 908
373 111
729 255
994 237
71 425
115 585
206 432
398 666
996 853
129 879
707 227
529 850
801 917
182 344
365 942
349 297
818 368
932 619
71 860
862 70
733 125
634 4
841 930
146 792
418 981
988 197
224 940
116 234
746 97
585 421
128 162
646 868
498 406
708 37
107 140
816 900
505 806
751 129
453 718
63 131
418 294
539 942
375 770
234 633
20 325
518 76
721 80
705 587
104 110
13 652
208 127
398 510
492 493
511 595
863 654
310 538
87 242
397 702
470 476
553 568
124 967
590 509
498 941
639 804
235 546
146 17
737 835
133 277
100 984
672 201
145 207
401 101
60 446
61 979
632 913
49 302
100 943
602 297
431 193
455 319
866 226
210 638
579 539
14 330
37 43
829 95
779 886
206 481
126 389
313 956
814 348
675 566
328 427
18 539
871 547
406 210
374 725
984 310
32 643
417 651
849 648
25 691
940 737
903 495
435 751
269 663
24 642
958 146
55 95
572 875
707 532
448 657
675 114
822 487
680 476
310 11
665 40
650 998
113 576
628 161
167 871
314 169
7 295
432 788
677 982
37 931
833 760
480 512
210 409
855 75
802 557
471 322
423 223
316 597
198 869
642 733
186 577
960 788
975 835
781 858
603 176
416 198
76 778
976 14
425 280
333 703
9 89
778 719
381 659
94 436
479 122
192 684
318 188
985 481
142 78
113 238
539 502
186 786
523 689
994 448
853 11
179 116
588 1000
147 530
867 163
465 807
174 825
713 47
529 478
417 964
948 416
161 946
625 373
808 275
688 941
283 875
14 721
17 147
787 595
663 252
31 886
93 217
865 160
577 276
600 179
528 432
568 977
163 407
754 900
757 483
353 997
118 551
926 624
374 605
987 610
21 19
906 708
598 496
581 70
455 434
284 839
875 710
414 454
327 803
81 189
836 59
31 347
604 15
272 698
190 504
707 814
128 25
863 915
480 556
281 557
835 114
353 451
376 621
531 653
567 347
479 811
470 58
132 343
460 68
775 511
817 773
314 815
111 429
593 486
540 747
997 396
599 328
285 768
839 345
273 824
368 378
712 927
410 653
411 982
105 685
587 273
234 971
238 915
847 995
811 329
467 495
711 176
605 685
861 707
333 790
711 65
861 628
148 897
170 629
307 308
588 867
516 192
866 29
334 543
904 802
961 823
230 668
819 401
417 849
643 223
169 324
10 704
746 694
28 537
318 681
300 244
697 862
96 479
45 954
706 916
28 648
68 493
432 701
193 888
430 895
733 126
704 364
832 849
10 437
660 234
202 585
920 308
334 74
524 142
585 392
769 209
328 959
797 739
409 674
945 816
727 169
954 974
112 933
917 992
7 198
580 4
39 241
